274.924683
274.961487
274.478333
274.01123
273.375366
272.308167
272.141418
271.571838
271.220154
269.591309
269.388062
268.40448
267.310791
265.72226
264.074707
262.865906
261.609436
259.288452
257.792542
255.741913
254.208878
252.158752
249.463028
247.395981
245.578842
245.319855
243.884537
241.933731
239.296234
237.612411
236.669464
235.798767
234.68573
233.431213
232.302979
231.121216
230.049744
229.139557
228.50058
227.755463
226.863251
225.893738
224.99173
224.144775
223.359863
222.600128
221.797134
221.196274
220.56723
220.170151
219.927505
219.728165
219.598572
219.608688
219.704269
219.919052
220.212723
220.496872
220.974289
221.549225
222.103149
222.703156
223.293137
223.841934
224.497772
225.268356
226.115753
226.933105
227.767456
228.767883
229.850708
231.049728
232.136703
233.764252
235.205704
236.881729
238.411667
240.631821
242.671646
244.842789
247.093155
249.346191
251.571564
254.02095
256.552032
258.661316
259.066101
260.204895
261.832916
265.120575
267.709747
269.106567
270.162933
270.694031
272.026703
274.182068
276.215393
277.425995
278.238617
279.30127
280.126129
281.812592
282.915222
283.882568
284.689301
285.703003
286.293762
287.503235
288.37558
288.82782
289.415527
289.880859
290.134918
290.214294
290.406006
290.785889
290.796722
290.494873
290.301239
290.109161
289.812927
289.554443
289.2276
288.748108
287.470642
286.946228
286.63446
286.454071
285.908661
284.586304
284.2341
283.287598
282.439758
281.806519
280.552429
279.287292
277.476685
275.938263
274.35614
272.314117
270.336212
268.804993
266.207458
264.522217
262.748535
262.509979
261.152344
259.250885
256.787018
255.197525
254.135925
253.287537
252.142822
250.900848
249.499344
248.772827
247.676453
246.647491
245.770157
245.057724
244.057648
243.191818
242.225311
241.306808
240.497116
239.610443
238.838867
238.170654
237.553909
237.03244
236.734619
236.496124
236.358002
236.197205
236.187729
236.333008
236.62175
236.778778
237.108093
237.476135
237.899429
238.436249
238.994812
239.472046
239.904053
240.516052
241.152878
241.951309
242.669662
243.500732
244.418243
245.486206
246.691559
247.884552
249.24321
250.656067
252.17981
253.974411
255.721466
257.499237
259.351776
261.296387
263.121399
265.356781
267.636841
269.243256
269.444336
270.098022
271.910156
274.630737
277.037842
277.478027
278.539337
279.547516
280.907349
282.485657
283.549011
284.520172
284.910614
285.691101
286.438202
287.57019
288.627808
289.959167
290.466187
291.26651
292.063202
292.838226
293.149597
293.282867
294.378998
294.707794
294.623444
295.057709
294.875427
294.630737
294.351807
293.876343
293.421844
292.943634
292.307159
291.591492
290.995178
290.423492
289.506409
288.719452
288.067566
286.953522
286.030396
285.552948
283.942902
283.26825
282.562439
281.140564
279.341034
278.149048
276.011078
274.089722
272.380341
270.310059
267.485352
265.295959
262.791077
260.262451
258.802612
258.251892
256.466949
253.98526
251.208542
249.543152
248.355789
247.241638
245.881836
244.311279
243.08017
241.769257
240.748383
239.622314
238.429977
237.445374
236.320404
235.251541
234.209244
233.211288
232.229385
231.276733
230.49295
229.558533
228.816559
228.162277
227.489151
227.054657
226.601257
226.34166
226.21051
226.213562
226.139893
226.169403
226.3461
226.58728
226.928528
227.268524
227.655045
228.012177
228.450546
228.76709
229.433472
229.991104
230.604187
231.36377
232.172043
233.197311
234.225113
235.343781
236.529541
237.818604
239.139893
241.001663
242.768173
244.460754
246.233963
247.949738
249.738281
251.324753
253.095779
254.507126
255.365723
256.023865
257.134674
260.665161
263.094421
264.463715
264.71817
265.278717
266.624023
268.651215
270.174744
270.266693
270.917328
271.508789
272.557373
273.958923
274.775635
275.420227
275.703186
276.924622
277.827637
278.656311
279.234497
279.613892
280.195465
280.872345
281.245667
281.469971
281.558594
281.832123
281.859802
281.776245
281.386139
281.084351
281.123444
280.794647
280.500275
280.022461
279.456299
278.858612
278.338531
278.180145
277.360809
277.017151
275.458435
275.0896
273.621033
273.212219
271.684509
270.577454
268.708527
267.770813
265.867188
263.903656
261.933441
260.197174
258.219116
256.356476
255.378082
254.293945
253.149796
250.987427
248.99263
247.552231
246.553497
245.716064
244.859909
243.719879
242.702255
241.542664
240.355652
239.320358
238.503525
237.59436
236.619965
235.583511
234.667297
233.748932
232.891327
232.047363
231.265854
230.589478
229.924438
229.394714
229.044693
228.727737
228.523972
228.396881
228.468658
228.700165
228.934311
229.147614
229.382858
229.677704
230.216522
230.759399
231.36412
231.87471
232.315796
232.970413
233.705109
234.552353
235.361328
236.234955
237.139069
238.182739
239.398438
240.662445
241.972794
243.37117
244.989563
246.820068
248.719391
250.596695
252.593491
254.790924
256.7341
258.441772
261.227997
262.584534
262.759857
263.040588
265.803528
268.723053
271.06665
271.683716
271.756714
272.666565
273.826874
275.685913
277.280548
277.709412
278.818726
279.667328
280.778198
281.932648
283.027283
283.943634
284.696625
285.606018
286.489868
287.335419
287.503235
287.987396
288.545959
289.289185
289.65799
289.36972
289.755737
289.684479
289.5354
289.389343
288.740234
288.751526
288.244934
287.921844
287.595734
287.245178
286.729218
285.794189
285.253632
285.19342
284.618927
283.278137
283.293579
281.698669
281.027588
279.925354
278.147766
276.838776
275.775024
274.077637
272.231812
270.660706
268.356201
265.847137
263.856384
262.323425
261.013306
260.195984
258.735687
256.623138
254.35759
252.679871
251.52597
250.661453
249.520447
248.121796
246.730621
245.834549
244.568604
243.754333
242.878983
241.977325
241.004669
239.971634
238.971497
238.064331
237.069305
236.225906
235.38092
234.671936
234.13707
233.598206
233.154877
232.749084
232.560303
232.387772
232.418365
232.488861
232.787048
233.086731
233.236893
233.717178
234.112534
234.614227
235.142914
235.61467
236.055222
236.578094
237.185257
237.836029
238.490173
239.088806
240.176712
241.297852
242.439209
243.738068
244.850891
246.188614
247.80098
250.000397
251.793549
253.71994
255.715302
257.735535
259.713074
261.689819
263.580963
265.345947
266.078735
266.712311
268.049103
270.38147
272.871613
274.49353
274.391632
275.276459
276.94931
278.061646
279.598877
280.202606
281.242493
281.914917
282.829254
283.932007
284.767181
285.843109
286.641235
287.138367
288.535919
289.17868
289.498718
290.418488
290.447479
290.950714
291.406982
292.232819
292.327637
292.312988
291.678162
291.431824
291.168488
291.274536
290.817322
289.850128
289.450897
289.37027
288.880035
288.305939
287.741333
287.070618
286.51593
285.992981
284.676453
283.816437
283.099274
281.414093
280.132202
278.723083
277.16745
275.270569
273.78656
272.200684
270.467316
268.26297
266.030273
264.328735
262.626678
261.699219
260.216827
258.242035
255.935211
254.226639
253.09613
252.166382
251.106873
249.75238
248.598633
247.485672
246.354065
245.385818
244.535187
243.657089
242.615997
241.313446
240.753311
239.753479
238.655823
238.094666
237.201157
236.287048
235.667419
235.167343
234.807526
234.516541
234.367935
234.22728
234.12471
234.502029
234.773087
234.991974
235.26973
235.60788
236.013229
236.343781
236.966278
237.388885
237.859573
238.412415
239.007416
239.720367
240.231201
241.017517
242.282074
242.84523
244.444275
245.67131
246.763992
248.447876
250.049316
251.579788
253.540985
255.41748
257.373291
259.385895
261.105042
263.069824
265.382446
266.892029
266.912964
268.082184
270.090454
272.785309
275.193512
275.864807
276.081604
277.048676
278.160187
279.703613
280.545868
282.212708
282.755005
282.94458
283.90979
284.843262
285.873566
287.18103
287.77774
288.16568
289.214264
289.714111
290.692291
291.104858
291.440002
291.466034
291.898315
292.706116
292.550354
292.063904
292.285614
291.64209
291.375
291.457153
291.11731
290.135193
289.685547
289.472015
288.947845
288.397461
287.687744
287.086792
286.563263
285.83139
284.171753
283.988708
282.066803
281.274902
280.436523
278.653076
277.570068
275.897675
274.043915
272.4021
270.45105
268.515076
266.369202
263.644318
262.991089
262.215637
260.463745
258.193787
255.900467
254.253433
253.074295
252.118668
250.886688
249.499664
248.303864
247.219681
245.980606
245.114548
244.208801
243.222595
242.237488
241.211838
240.193405
239.242737
238.36586
237.62796
236.797668
236.054474
235.182693
234.991974
234.355988
234.367081
234.216843
234.122818
234.218933
234.382919
234.397491
234.643616
234.919708
235.307999
235.977341
236.1633
236.4617
237.380371
237.569275
238.536621
239.114471
239.756287
240.470062
241.345932
242.248291
243.306061
244.450607
245.640625
246.997711
248.549835
250.151733
251.928497
253.755341
255.489075
257.546051
259.321899
261.353333
263.268372
265.557922
266.894165
267.212524
268.007965
270.340332
272.827881
275.307983
276.366241
275.9021
277.254181
278.141327
279.832672
281.252136
282.604736
283.162689
283.076965
284.959473
285.836487
287.147308
287.985748
288.207855
289.362549
290.202484
291.075684
291.755127
291.897583
292.960205
293.408325
293.946167
293.53479
293.805267
294.097961
293.866669
293.675293
293.481873
293.16626
292.204895
292.089355
291.728088
291.273651
290.211273
289.550568
289.369293
289.033569
288.463837
287.216187
286.696777
285.333069
284.286682
283.144897
281.836426
280.741577
279.312805
277.819763
275.876648
274.112885
272.095703
270.249634
268.050476
266.104248
264.475311
263.17337
262.049438
259.626556
257.635712
255.91037
254.796295
253.906357
252.679077
251.53038
250.411163
249.187988
247.833801
247.008469
246.083862
245.112885
244.155472
243.067825
242.04924
241.1026
240.288177
239.366074
238.539215
237.769943
237.052109
236.579254
236.26413
236.103455
236.048706
236.008789
236.0672
236.133255
236.200226
236.188416
236.32785
236.520508
236.684357
236.838531
237.120331
237.492294
237.845337
238.392044
238.867706
239.422974
240.005432
240.805298
241.731476
242.723694
243.776474
244.920273
246.161011
247.44101
249.067062
250.64447
252.233124
253.839066
255.606628
257.432678
259.096191
260.812958
262.616302
264.162384
264.603333
264.904907
266.683197
269.64856
271.579193
272.467926
272.593292
273.087189
273.472992
275.149536
276.699829
276.913788
277.560974
278.073456
279.154938
279.538635
280.336578
281.441406
282.308533
282.997375
283.027893
284.426971
284.950623
284.796814
285.398407
285.696411
285.815063
286.153229
286.060059
285.758057
285.449249
285.097687
284.625671
284.164795
282.95575
283.117828
282.17804
281.487488
281.169861
280.032837
279.544647
278.952393
278.33667
277.304504
276.182129
274.63501
273.542542
271.897644
270.675659
268.689697
266.770691
265.03421
262.926147
260.275482
258.346497
255.778107
253.142639
251.285156
249.540787
248.356583
246.63028
244.281097
242.148804
240.696976
239.600616
238.412018
237.092682
235.878662
234.778717
233.543594
232.377731
231.354446
230.558014
229.826462
228.939621
228.260651
227.352463
227.207657
226.582352
226.251068
226.078217
225.689056
225.369751
225.319
225.20134
225.395294
225.582855
225.58252
225.784027
226.60614
227.358948
227.995392
228.472931
229.247742
230.04213
230.67926
231.719452
232.318939
233.238327
234.011169
234.987793
236.000259
237.41452
238.315872
239.468796
240.741882
242.265839
244.063873
245.526855
246.954254
248.908539
250.752914
252.374268
254.447342
256.480896
259.223724
261.090729
263.301361
264.586273
266.843231
266.627472
267.965454
269.932922
272.578949
275.392944
276.696075
276.53952
277.156891
278.424255
280.196564
281.533325
282.704468
282.912354
283.439514
284.193207
284.80719
286.027344
286.474243
287.587372
288.198425
288.708954
289.011902
289.746887
290.53125
291.089539
291.411743
291.524292
291.4245
291.344025
291.360962
290.895264
290.148926
290.001984
289.190002
288.245544
287.90686
287.153778
286.421692
285.324982
284.726074
283.657928
282.708405
281.921112
281.114349
279.604065
278.186279
276.829834
275.472229
273.935577
272.202026
270.369934
268.448975
266.234406
264.093506
261.888672
259.512817
257.18396
255.172516
254.012955
253.110107
251.362549
248.970245
246.641739
245.188507
244.084229
243.027771
241.768677
240.487885
239.518311
238.363159
237.292816
236.209641
235.467239
234.627563
233.869461
233.313675
232.463043
231.85051
231.435791
231.129379
231.007965
230.786194
230.491089
230.375412
230.295303
230.365021
230.790802
231.010162
231.100632
231.4216
232.010101
232.310318
233.225433
233.80455
234.112213
234.648804
235.42572
236.252075
236.893723
237.714157
238.073776
239.310303
240.400162
241.660751
242.704407
243.809357
245.010162
246.582825
248.045319
249.501343
251.075775
252.631073
254.167725
256.064178
258.565796
260.906464
262.984497
264.726044
266.710938
268.111786
268.618652
268.560059
270.036621
273.246124
276.411377
277.971436
277.983063
277.751129
278.535095
280.126648
281.704346
282.750549
283.084778
283.240173
283.513031
284.073914
284.910797
285.812744
286.453949
286.865448
287.374084
287.715912
287.946655
288.663788
289.148315
289.15094
288.889648
288.47522
287.823792
287.681702
287.259705
286.278778
285.55603
284.33902
283.654175
282.980133
282.28598
281.326019
280.242859
279.214447
278.336792
277.260376
275.924377
274.545532
273.106323
271.503448
270.102478
267.81134
266.308716
264.640228
262.311035
260.315369
257.855255
255.145325
252.516022
249.889175
246.836334
243.979446
241.88205
240.6474
238.942566
236.544891
233.689423
231.062057
229.35318
228.065552
226.517807
224.641739
223.259613
221.710907
220.461914
218.420685
217.413361
216.370972
215.163284
213.32225
212.041534
211.161926
210.268127
209.370697
209.106262
208.621674
207.571976
207.272202
207.352371
207.523102
207.773758
208.366638
208.47142
208.829666
209.044128
209.719955
210.48439
210.003754
210.813095
211.543945
211.953217
213.231384
214.318344
214.820816
215.795593
216.62323
217.577957
218.366241
219.793106
221.025574
222.212341
223.590988
225.170715
226.503387
228.353577
230.261459
231.919724
233.685135
236.135239
238.536285
240.995087
243.034592
245.152695
246.461777
246.773865
246.935364
248.479919
251.590973
254.606628
256.344147
256.208069
256.19104
257.088226
258.84613
260.479492
261.475555
261.856934
262.031494
262.328308
263.219391
264.432343
265.368011
266.066162
266.322296
266.489136
266.963867
267.647858
268.197083
268.520508
268.255188
268.295929
268.102936
267.918304
267.804871
267.322601
266.78183
265.919891
265.10498
264.489929
263.689941
262.903198
262.782196
261.638947
260.675598
259.937164
258.997681
257.83255
256.271118
255.242386
253.279846
252.098633
250.815125
248.670258
246.14624
245.186249
243.07959
240.811081
238.900513
237.014435
233.672867
230.734116
227.577042
226.554703
225.537292
224.143066
221.572449
219.062363
216.509933
215.035812
213.95459
212.896683
211.102356
209.794388
208.689911
206.92366
205.004211
203.827377
202.965317
202.972687
201.628998
200.222061
199.499664
199.326599
198.663727
198.336456
198.13324
197.451584
197.694946
197.620422
197.646149
197.903381
198.735703
198.501648
198.816635
199.71228
200.442993
201.099106
201.956909
202.243347
203.013306
203.615585
204.398926
205.094925
206.137466
206.86377
207.639572
208.543533
209.393707
210.418091
211.57196
212.527374
214.108521
215.409348
217.018463
218.611115
220.158356
221.966782
223.584671
225.664307
227.929108
230.412308
232.508438
234.663849
235.966003
236.379562
236.06926
237.227539
240.103622
242.994843
244.892654
245.0672
244.596725
244.935715
246.056381
247.468796
248.493607
248.962021
248.996307
248.918167
248.995972
249.854202
250.910797
251.667953
252.133514
252.115051
252.159271
252.729691
253.291199
253.709641
253.744598
253.072784
252.490021
252.184021
251.982422
251.569183
251.132858
250.190048
249.266144
248.415024
248.138397
247.318451
246.283417
244.856537
243.571609
242.995377
241.983322
240.759384
239.72168
238.021866
236.898209
235.535553
234.003647
232.329575
230.25116
228.491013
226.563248
223.974014
221.38205
218.661804
216.465698
213.890594
210.906372
208.318771
206.537506
205.160446
203.061707
200.10965
197.62796
195.561798
193.970978
193.005188
191.57457
190.063965
188.410797
186.858551
185.274094
184.087158
182.857269
182.023315
180.800934
179.905731
178.172882
177.46701
177.101547
176.392319
175.611115
175.123703
174.715561
174.452118
174.224915
175.119293
175.677155
176.051788
176.427368
176.413345
176.792145
177.567551
178.216934
178.780975
179.468353
179.771118
180.465363
181.397217
182.349655
183.100708
183.675644
184.388
185.628143
186.645798
187.754791
189.129456
190.124725
191.294098
192.797928
194.160538
195.524124
197.33493
198.979797
200.750763
202.145218
203.918564
205.910248
208.206238
210.193344
210.889923
210.813797
211.459839
213.981979
216.99382
219.30191
219.715408
219.483597
219.771118
220.996643
222.548248
223.683243
224.579132
224.652664
224.727142
225.261459
225.811005
226.646759
227.881287
228.475052
228.554886
228.511154
228.671555
229.511078
230.249634
230.246124
229.736252
229.239471
228.916122
228.411057
228.318359
227.565628
226.968033
226.314743
225.461304
224.863297
224.170029
223.804474
222.609955
221.625214
220.837769
220.059769
219.289185
218.442169
217.174286
215.522995
213.973022
213.069427
211.395401
210.140259
208.118652
205.968765
203.987656
201.732147
199.226624
197.430695
194.910645
192.080872
189.80127
188.108627
186.596603
185.007401
182.758606
179.830887
178.66452
177.204559
175.883987
175.483963
174.185287
172.633743
170.785324
169.274033
167.787933
166.931732
165.370743
164.098755
162.97406
161.760986
160.709671
160.857208
160.439789
160.144165
160.298859
159.192276
158.802063
158.780151
159.1586
160.107025
159.807083
159.985794
160.220016
160.928406
161.264435
161.663086
162.04335
162.556747
162.895081
163.562622
164.163483
164.910568
165.701172
166.205582
166.90947
167.783005
169.041306
170.375916
171.514008
172.554657
173.963074
175.456848
176.862122
178.27298
179.946381
182.126755
184.042633
185.803131
187.415588
189.019104
191.530823
193.36911
194.686188
194.36026
194.854797
197.385849
200.257767
202.73085
204.149124
204.24765
204.271332
205.629669
206.771606
208.51416
209.314621
209.877151
210.264984
210.378235
211.630463
212.308365
213.643585
214.693054
215.365128
216.02652
216.516663
217.356537
218.506104
219.296112
219.464554
219.279999
219.090988
218.668579
218.965439
218.599365
218.064758
217.296631
216.670929
216.208771
215.739609
215.361664
214.893341
213.972549
213.046249
212.251236
211.773438
210.976791
209.888382
208.686081
207.389282
206.33049
205.219559
203.926407
202.762878
201.245819
199.335281
197.208496
194.72229
192.538483
190.656128
188.638123
186.252716
184.604691
183.03717
181.364532
178.871567
176.407562
175.173737
173.531052
172.518829
171.365463
170.461105
168.88858
167.431122
166.073013
165.396957
164.29808
163.606216
162.860016
161.274872
160.268585
159.536713
159.535751
159.019318
158.718842
158.198105
157.393127
157.026825
157.34697
157.822433
158.097061
158.242508
158.38974
158.452713
159.055878
159.627197
160.366974
161.250824
161.62262
162.115936
162.837143
163.867874
164.737411
165.606781
166.53302
167.307831
168.117371
169.586273
170.601227
172.05687
172.98996
174.172195
175.714874
177.387711
178.94194
180.859207
182.475128
184.036453
185.687469
188.002075
190.420868
193.120178
194.948212
195.407654
195.316147
195.782135
198.496719
201.492386
203.557465
204.58139
204.794373
205.460587
206.416412
207.738998
209.054367
210.044159
210.085022
210.796005
210.731918
211.959534
213.200104
214.774185
215.724091
216.505737
217.06012
217.690308
218.680695
220.119095
220.916245
221.228119
221.245316
220.945877
221.630188
221.720764
221.740784
221.609375
221.118042
220.532761
220.443787
220.516647
219.787872
219.150543
218.112305
217.510132
216.981308
216.494904
215.433243
214.432831
213.41449
212.341904
210.348022
210.319748
208.832489
207.085999
204.238464
202.362045
200.889908
199.206268
196.303741
193.967865
191.76796
189.311188
187.98999
186.651566
184.410339
182.648727
180.568558
178.564606
177.255157
175.930176
175.449997
174.679138
173.148346
171.937195
169.506989
168.472107
167.576523
167.08844
166.365082
165.299301
164.272385
163.330795
162.987137
161.956573
161.479279
160.537048
160.171265
159.772797
160.041718
159.482468
159.874969
160.001282
160.120712
160.141006
160.461182
160.982544
161.694183
162.297592
162.760681
163.170013
163.751099
164.412979
165.280289
165.952148
166.662491
167.583511
168.630524
169.587769
170.710678
171.795319
172.88002
173.992661
175.213715
176.628967
178.55925
180.55658
182.483215
184.246292
185.765015
187.614319
189.625061
191.997009
194.195618
193.95784
194.351105
194.612656
197.126984
200.98407
203.323242
203.881653
203.794495
204.492783
205.807877
207.745377
209.319366
210.188065
210.631363
211.114502
211.895294
212.693054
214.448547
215.977661
216.951874
217.837006
218.560318
219.531158
221.244217
222.349075
222.961731
223.263763
223.290802
223.372253
223.59581
224.003296
223.892593
223.571091
223.047516
222.686646
222.719177
222.443726
221.948395
221.626831
221.222382
220.486267
220.168365
219.513657
218.965103
217.957642
217.254059
216.256378
215.266632
213.850464
213.103256
211.934906
210.715912
209.381836
207.294922
204.973572
202.678284
200.968597
198.674347
196.508698
195.010651
193.757355
191.506348
189.685394
188.522736
187.647552
185.174408
184.245239
183.202988
182.799347
180.941376
180.165298
178.558167
176.67009
175.628265
174.563019
173.58667
172.293335
170.183807
169.66684
168.744995
168.103958
168.027924
166.476532
165.814987
164.95639
164.444794
164.886658
165.083618
165.355286
165.217072
165.222519
165.47998
166.148956
166.837204
167.532196
168.105698
168.516998
169.378265
170.148224
171.013519
171.627243
172.336121
173.190582
174.185028
175.331268
176.592117
177.552917
178.628479
180.156204
181.720917
182.949738
184.2677
186.208939
188.107941
190.007385
192.051666
193.856781
195.403015
197.804901
200.170273
200.763031
200.387909
201.255783
203.360748
206.604645
209.029221
210.037613
210.205811
210.485291
211.564606
213.058151
214.470917
215.53421
216.230865
216.223694
216.764038
217.917633
219.438538
220.991196
221.753082
222.193573
222.627884
223.520081
224.687485
225.788727
226.563202
227.003357
226.934875
226.736496
226.947464
227.445053
227.4841
227.427261
227.010361
226.688736
226.629272
226.274567
226.337646
225.58786
225.168823
224.670776
224.175659
223.703934
223.177811
222.027008
221.474808
220.308731
219.331375
218.368286
217.440964
216.601334
215.63678
213.989716
211.950989
209.734116
208.02829
206.296768
204.476151
202.82399
201.457214
199.744843
197.702362
195.276642
193.809921
192.768463
191.770966
190.096893
188.736649
188.207001
187.494705
186.56189
185.228088
183.927612
182.576431
181.500992
180.948792
179.666
178.093887
176.502914
175.892136
175.019547
174.625778
173.935333
172.751572
171.775391
171.710922
172.030304
172.139954
172.223129
172.244431
172.253571
172.260651
172.876312
173.528046
173.856445
174.037659
174.40506
174.767456
175.575195
176.5177
177.040924
177.91832
178.745285
179.754852
181.09169
182.292969
183.301498
184.513672
185.849655
187.357803
189.056656
190.687714
192.230072
193.783112
195.741364
197.494583
199.421738
201.310791
203.882095
205.983231
206.606201
206.394775
206.944458
209.372299
212.793198
215.382629
216.488663
216.891312
217.431732
218.589935
220.310287
221.953644
223.074005
223.911407
224.4375
224.930084
225.714828
227.422729
229.373749
230.758453
231.73143
232.370209
233.416321
234.876495
236.424072
237.8452
238.318192
238.798309
239.039734
239.490829
240.578522
240.941925
240.902069
241.134369
240.601395
241.065613
240.936539
241.292786
241.070648
240.32663
239.531479
239.165344
238.899368
238.425964
238.358032
237.271378
236.58783
235.370529
234.23584
232.948303
231.569077
230.463821
228.862183
227.07164
225.099731
223.40712
221.583771
219.439941
217.037628
215.871704
214.880585
213.44989
211.257324
208.912994
207.292358
206.190598
205.457031
204.576523
203.662476
202.725189
201.355408
199.880005
198.993011
198.555786
197.972275
197.092667
195.614212
194.152527
193.623642
193.240906
192.917145
192.704651
192.189438
191.853653
191.260056
191.388275
191.905426
192.309418
192.484512
192.548553
192.648193
193.163528
193.667007
194.317795
195.030045
195.055527
195.518707
196.181335
197.17984
197.950851
198.727814
199.487534
200.432083
201.710297
202.891602
203.90271
205.207596
206.743958
207.840164
209.39032
211.085098
212.608307
214.468597
216.183258
218.179245
219.995148
222.07869
224.121002
226.880096
228.947784
229.607574
229.44812
230.055603
232.443954
235.653641
238.221802
239.067566
239.405029
240.059586
241.265488
242.815033
244.16983
245.432861
246.125061
246.90918
247.676056
248.683746
250.194489
251.70607
253.030731
253.716064
254.668976
255.552826
256.774811
258.03952
258.895325
259.485992
259.721069
259.821747
259.775696
260.044281
260.2771
260.353485
259.517792
258.787476
259.253418
258.863342
258.385529
257.834656
256.905701
256.321899
255.844315
255.226135
254.512085
253.754898
252.67244
251.052155
249.929596
248.642792
247.542084
246.032166
244.206314
242.294571
240.402222
238.072342
235.722916
233.781754
231.401688
229.298599
227.642899
226.142365
224.405869
222.069611
219.910065
217.816528
216.312439
214.873215
213.882416
212.777557
211.60051
210.456024
208.890198
207.204712
206.283707
205.459564
204.279449
202.666504
201.016312
199.88475
199.109375
198.69516
198.014282
197.651047
196.293045
195.555801
195.473282
195.61264
196.188751
196.113297
196.132629
196.16098
196.77977
197.103943
197.758163
198.022049
198.453247
198.781158
199.330582
200.38591
201.014832
201.757431
202.355331
203.147751
204.069504
205.197205
206.314957
207.075012
208.080566
209.472382
210.992935
212.635834
214.168518
215.658325
216.841782
218.404785
219.955414
222.139587
224.032639
226.597214
228.180161
228.362
228.037476
228.979004
231.561081
234.418106
236.430603
236.967453
236.826462
237.269089
238.050476
239.32399
240.59166
241.550171
241.785141
241.840424
242.061264
242.889938
244.105408
245.016815
246.076965
246.475189
246.977036
248.083252
249.074203
250.064972
250.956299
251.289215
251.549377
251.706299
251.970139
252.404266
252.322418
252.0737
251.835297
251.558746
251.242569
251.318024
250.557861
250.396393
249.711151
248.937866
248.298996
247.993042
247.026749
246.059189
244.611832
243.360809
242.203812
241.545395
240.419098
238.827377
236.864929
234.595016
232.482895
230.433914
228.743927
226.372589
223.960495
221.359879
219.749756
218.318604
216.843048
214.633301
212.313751
210.718506
209.264877
208.207809
207.239182
206.340302
205.744217
204.279266
203.212646
201.807938
201.104736
200.397171
199.287262
198.062088
196.564743
195.643585
194.958359
194.30838
193.765488
192.759506
192.307007
191.283508
191.302551
191.318192
191.736572
192.38623
192.060852
192.105423
192.169388
192.731827
193.320862
194.18544
194.555161
194.777618
195.472183
196.303635
197.292175
198.252869
198.884766
199.783783
200.807434
201.880646
203.499512
204.670929
205.490738
206.314178
207.741226
209.530716
211.502228
213.153046
214.632843
216.130035
217.789703
220.020798
222.402313
224.988998
226.524872
226.997284
226.804749
227.716507
230.310333
233.728317
236.192902
237.138809
237.167877
237.868347
239.121109
240.946991
242.442505
243.712463
244.208984
244.763672
245.237045
246.161957
247.686386
249.146637
250.147964
250.680984
251.158539
252.028412
253.408325
254.685822
255.549042
255.831726
256.029572
256.574371
256.956665
257.63916
257.704254
257.634216
257.361938
257.262848
257.491974
257.756317
257.793579
257.23703
256.717896
256.205597
255.789825
255.473755
254.957092
254.076675
253.20372
252.253403
251.484787
251.046936
250.058319
248.530792
246.700439
245.003815
243.33902
241.608826
239.761139
237.787201
235.674194
233.805511
232.316711
231.144653
229.494858
227.531281
225.500565
224.303833
223.0457
221.917038
221.103958
220.398376
219.861908
218.708282
217.322861
216.141617
215.247772
214.62529
213.792633
212.411392
211.506119
210.429794
209.952316
209.415344
209.106873
208.319611
207.545502
207.04541
207.106201
207.162628
207.424133
207.559464
207.551788
207.510498
208.009888
208.705124
209.181488
209.695648
210.287506
211.242462
211.837921
212.515228
213.67952
214.302002
214.960403
215.793976
217.095856
218.20993
219.430054
220.573883
221.807953
223.018356
224.355133
226.280212
227.81723
229.489243
231.276947
232.904312
234.997055
236.998032
239.136581
241.968109
243.958237
244.273712
243.985443
244.877258
247.607666
251.181778
253.518402
254.306519
254.524536
255.050507
256.336517
257.90155
259.238647
260.323669
261.04248
261.554108
262.300629
263.094666
264.347229
266.300171
267.695801
268.891235
269.567932
270.750732
272.048126
273.627441
274.823578
275.524506
275.939545
276.196075
276.634644
277.495728
277.989319
278.226013
277.603516
277.180634
277.429932
277.258118
277.38147
276.82782
276.25827
275.790253
275.27771
275.176208
274.524902
274.121704
273.18573
272.117279
271.701904
270.827484
269.915527
268.308441
266.618286
265.014893
263.400391
261.605042
259.713593
257.82843
255.930695
253.84964
252.450623
250.654892
248.921921
247.05069
245.069977
243.840012
242.499695
241.337402
240.212753
239.749435
239.029892
237.791779
236.399231
235.424271
234.462952
233.534622
232.667648
231.932739
230.201691
229.339691
228.765015
227.96582
227.590302
226.798828
226.00882
225.619568
225.480545
225.68132
225.772552
225.924927
225.792404
225.647919
225.867752
226.540314
227.042694
227.431793
227.828369
228.09523
228.629608
229.277847
230.075027
230.734131
231.491364
232.416702
233.44606
234.40152
235.633163
236.569183
237.709625
239.104065
240.679657
242.170105
244.168869
245.490997
247.122589
248.705795
250.544128
252.957169
254.826935
257.443756
259.177887
259.679871
259.251038
260.152618
262.923676
266.133789
268.609741
269.195953
269.510437
270.225739
271.228607
272.613403
274.104156
275.170105
275.982849
276.448639
276.942139
277.859406
279.179993
280.60379
281.552673
282.557739
283.336792
284.556274
285.829681
287.232758
288.285004
288.748383
288.60498
288.963776
289.244446
289.62558
289.780884
289.497925
289.064789
288.560364
288.207825
287.679413
287.06192
286.279388
285.435425
284.616211
284.224396
283.493683
282.638092
281.617218
280.659302
279.49057
278.405792
277.252258
276.59024
274.994171
273.218079
271.235718
268.736267
266.870026
265.623474
263.387146
260.917877
259.116211
257.709991
256.126343
253.965759
251.644562
249.635895
248.285706
246.643677
244.786697
243.273193
241.994797
240.61322
238.898056
237.064972
235.239777
233.914597
233.007568
231.786926
230.083282
228.384521
226.789764
226.037842
225.244186
224.212784
223.241501
222.316986
221.687073
221.210175
221.249969
221.350922
221.505615
221.548965
221.741852
221.967697
222.553909
223.128677
223.640213
224.131927
224.50351
225.021805
225.76709
226.725998
227.731674
228.864136
229.477753
230.503387
231.582596
232.72522
234.111145
235.327454
236.681732
238.193497
240.213654
242.060852
243.819611
245.326294
247.374237
249.704147
252.23114
254.805786
257.317505
258.988678
259.458435
259.390625
260.345917
262.835999
265.734344
268.244568
269.29541
269.724182
270.537903
271.983551
273.905579
275.728699
277.132629
278.279266
279.206909
280.207367
281.657745
283.541809
285.394012
286.463135
287.200043
288.325806
289.460144
290.543762
291.431946
291.906128
291.994415
291.81543
292.065765
292.293213
292.529602
292.629944
292.399963
292.068054
291.997375
292.014618
291.648102
291.613342
291.022675
290.387573
289.82489
289.239929
288.580048
287.652863
286.574585
285.337646
284.158661
282.876434
281.528839
280.073242
278.496918
276.667999
274.619751
272.476715
270.375305
268.216492
266.088379
263.719971
261.908844
261.161072
260.319946
258.276642
255.844818
253.550262
252.081604
250.371277
249.743683
248.944977
247.540222
246.280045
244.974335
243.504745
242.816254
242.400482
241.596069
240.717316
239.619141
238.498169
238.091568
237.425705
237.017319
236.573608
236.128754
235.751251
235.354263
235.266571
235.41774
235.669891
235.958725
236.136703
236.354874
236.786621
237.316376
238.13678
238.786102
239.241455
239.785492
240.516754
241.425018
242.36908
243.193893
243.89946
244.668915
245.527084
246.624496
247.486298
248.819275
249.908539
251.197525
252.492981
254.0495
255.740112
257.348236
259.487061
261.957855
264.054443
265.660095
267.374054
269.174713
270.18811
270.599884
270.247498
271.366028
273.96521
276.35849
277.165283
276.956299
276.794891
277.328766
278.516846
279.853699
280.104401
281.093628
280.764801
281.080688
282.036804
282.796722
283.611145
284.188232
284.845825
285.996399
286.418335
287.40625
287.741669
288.10495
288.173126
288.243744
287.436707
287.312592
287.192444
286.803345
286.382904
285.812286
285.112854
284.405273
283.744049
283.013153
282.132935
281.177002
280.067902
279.108337
278.232056
277.174805
276.02594
274.779785
273.459717
272.091583
270.879944
269.4953
267.916901
266.060486
264.043793
261.869202
260.034088
258.022064
255.537598
253.236526
251.23082
250.529907
249.329163
247.47525
245.159515
242.924881
241.708771
239.953918
238.650391
237.304291
235.833038
234.875687
233.488693
231.96492
230.616608
229.92688
228.913864
228.119751
227.16301
226.24321
225.60173
224.82547
224.648743
223.606476
223.585983
222.972107
222.797241
222.547318
222.603592
222.511292
222.42041
222.693542
222.98111
223.345139
223.93988
224.373886
224.7798
225.338165
226.040405
226.77475
227.313675
228.011826
228.866364
229.707458
230.566528
231.464691
232.403381
233.301849
234.689987
235.99971
237.0513
238.369568
239.82048
241.541107
243.419449
245.226074
247.390717
249.988159
251.98082
253.868378
255.720612
257.630585
258.847778
259.549988
259.658966
261.204163
264.306824
267.115936
268.18399
267.968933
268.001434
269.20578
270.914154
272.852173
273.865723
274.154633
274.960022
276.075165
277.191223
278.388123
279.516022
280.583679
281.542847
282.346252
283.12027
283.716766
284.316956
285.187988
285.730713
285.711243
285.610016
285.683533
285.9328
285.995178
285.604462
284.997437
284.492554
284.007355
283.639038
283.081238
282.314575
281.593079
281.163574
280.181244
279.296051
278.307037
277.370392
276.28894
275.077667
273.715302
272.281738
270.695526
269.005371
267.675842
265.689514
263.207581
261.149994
258.58783
255.928589
253.188736
251.039154
249.531555
248.526306
246.704117
244.350388
241.868439
239.714828
238.292923
237.14093
235.85144
234.387238
233.059128
231.720169
230.252258
229.026138
228.012726
227.046387
226.240295
225.156113
223.864243
223.192719
222.633438
222.026337
221.209427
220.59581
219.997757
219.519775
219.277069
219.201477
219.258713
219.291306
219.368118
219.436905
219.697159
220.080627
220.601822
221.194626
221.910248
222.349564
222.864609
223.745819
224.476959
225.281403
226.050674
226.906586
227.648651
228.573883
229.700562
230.822922
231.92305
233.581848
234.68927
236.340469
237.915588
239.565842
241.262024
243.535187
246.154327
248.534073
250.289383
251.887131
253.620026
255.082428
255.2211
255.547073
257.158691
260.106873
262.351959
262.944153
262.920776
263.104431
264.137634
265.562927
266.866486
267.362305
267.664124
268.100342
269.209229
269.979492
270.587219
271.26355
272.041504
272.681274
273.476868
274.158447
275.003357
275.383453
275.862305
276.348724
276.596161
276.362488
276.159515
276.099152
275.766724
275.433136
274.395691
273.922058
273.255585
272.98877
272.211395
271.394989
270.584686
269.419983
268.41983
267.664673
266.486816
265.250671
263.642151
262.568573
260.966827
259.272644
257.376465
255.516373
253.543411
251.348633
249.11795
247.336716
244.823029
242.661072
240.123322
237.661804
236.503204
235.751083
233.865692
231.383865
229.09227
227.421066
226.316574
225.253403
223.984726
222.7117
221.530716
220.441956
219.285309
218.196198
217.329788
216.784302
215.587128
214.77179
213.917236
213.1185
212.479706
211.756714
210.913284
209.982452
209.418411
208.978577
208.636826
208.423187
208.386887
208.344376
208.280518
208.361679
208.487625
208.714691
208.973618
209.366287
209.741974
210.091217
210.625
211.17308
211.57608
212.077942
212.876953
213.607208
214.274597
215.124283
215.942047
217.162125
218.360474
219.543091
220.982452
222.525955
223.999863
225.591812
227.304962
229.580078
232.04808
233.958252
235.424973
237.188446
239.389694
240.734711
241.031998
241.565979
243.790421
246.708008
248.564133
249.503967
249.242569
250.000351
250.920654
253.00412
254.566345
255.378799
256.075989
256.936493
258.141907
259.392334
260.442993
261.222443
261.998932
262.693726
263.552948
264.502563
265.127594
266.177551
266.208374
266.819702
266.848358
266.940277
266.948334
266.735199
266.708496
266.546082
266.234772
265.78067
265.424408
265.046753
264.601868
264.134155
263.607849
263.136414
262.501556
261.872253
261.144653
260.294525
259.632629
258.264618
257.275116
256.131256
254.720581
253.154922
251.430267
250.001343
248.213409
246.496353
244.331177
242.169922
240.251862
238.559097
237.485916
236.872757
234.992554
232.885025
230.402679
228.962509
227.856689
227.275467
225.852707
225.045624
223.866684
222.648163
221.514374
220.667755
219.858994
218.985611
218.01474
216.995148
216.11026
215.209412
214.099121
213.349792
212.608627
211.78891
211.196198
210.779907
210.492004
210.182861
209.869781
209.628479
209.56665
209.663513
209.869461
210.025436
210.191666
210.494171
210.972488
211.378281
211.816315
212.176117
212.786606
213.314285
213.881149
214.569702
215.396759
216.202423
217.196838
218.245224
219.527222
220.74118
221.676331
223.214905
224.788132
226.346909
228.615341
230.786621
232.789139
234.7547
236.497467
238.20845
240.152222
241.785583
242.042603
242.793732
244.903076
247.509964
249.575348
250.211426
250.428116
250.881561
252.658356
254.534103
255.83812
256.516541
257.523438
257.977478
258.979614
260.240295
261.184326
261.985657
262.847748
263.680237
264.865265
265.044678
265.522614
266.208069
267.094543
267.706299
268.017883
268.028564
267.932892
267.873779
267.871582
267.741272
266.942902
266.574463
266.39093
265.838043
265.417236
264.882721
264.312622
263.501038
262.846191
262.337402
261.537842
260.670959
